Female stats:
died: 0.24521072796934865
lived: 0.7547892720306514 

Male stats:
died: 0.7947019867549668
lived: 0.2052980132450331 